"","commercial_item_test_program_code","commercial_item_test_program","a76_fair_act_action","local_area_set_aside","clinger_cohen_act_planning","gfe_gfp_code","undefinitized_action","multi_year_contract_code","multi_year_contract","purchase_card_as_payment_method_code","purchase_card_as_payment_method","alaskan_native_owned_corporation_or_firm","american_indian_owned_business","indian_tribe_federally_recognized","native_hawaiian_owned_business","tribally_owned_business","veteran_owned_business","service_disabled_veteran_owned_business","woman_owned_business","women_owned_small_business","economically_disadvantaged_women_owned_small_business","joint_venture_women_owned_small_business","joint_venture_economic_disadvantaged_women_owned_small_bus","minority_owned_business","subcontinent_asian_asian_indian_american_owned_business","asian_pacific_american_owned_business","black_american_owned_business","hispanic_american_owned_business","native_american_owned_business","other_minority_owned_business","emerging_small_business","community_developed_corporation_owned_firm","labor_surplus_area_firm","us_federal_government","federally_funded_research_and_development_corp","federal_agency","us_state_government","us_local_government","city_local_government","county_local_government","inter_municipal_local_government","local_government_owned","municipality_local_government","school_district_local_government","township_local_government","us_tribal_government","corporate_entity_not_tax_exempt","corporate_entity_tax_exempt","partnership_or_limited_liability_partnership","sole_proprietorship","small_agricultural_cooperative","international_organization","us_government_entity","community_development_corporation","domestic_shelter","educational_institution","foundation","hospital_flag","manufacturer_of_goods","veterinary_hospital","hispanic_servicing_institution","receives_contracts","receives_grants","receives_contracts_and_grants","airport_authority","council_of_governments","housing_authorities_public_tribal","interstate_entity","planning_commission","port_authority","transit_authority","subchapter_scorporation","limited_liability_corporation","foreign_owned_and_located","for_profit_organization","nonprofit_organization","other_not_for_profit_organization","the_ability_one_program","private_university_or_college","state_controlled_institution_of_higher_learning","X1862_land_grant_college","X1890_land_grant_college","minority_institution","historically_black_college","school_of_forestry","veterinary_college","dot_certified_disadvantage","self_certified_small_disadvantaged_business","small_disadvantaged_business","c8a_program_participant","historically_underutilized_business_zone_hubzone_firm","sba_certified_8a_joint_venture"
"commercial_item_test_program_code",1,NA,NA,NA,NA,NA,NA,-0.0171040173886629,NA,-0.0704069289078018,NA,-0.00429367729141634,0.0119392436858024,-0.00628864017587945,0.0116831009132979,-0.00608396471388056,0.016407878812817,0.0220147334140962,-0.000694619432963356,0.0181153721189051,0.0060493318690643,0.00207578679195414,0.0029209715309972,0.0345594909843279,0.00957798430979322,0.00310582928972714,0.0393443470721464,0.0224570289549244,0.00794100635046364,-0.0123749384271438,-0.0087892299810684,0.0194195288117361,-0.00284197602362348,0.0134048293563809,5.45891041738916e-05,0.0177160509327232,0.0307171976550624,0.01176469243051,-0.00475333896860282,0.012190968643474,-0.00323563365014644,-0.00475333896860282,-0.00415782352813797,0.0652942940845526,-0.000793929427343566,-0.0013285415763547,0.0425714598055791,0.0460777102313008,0.0176788829541859,0.00668792677726885,0.0201618327679342,0.00868117737055241,0.0289137621548301,0.0206393388088806,0.0104684961714759,0.0191345848033054,-0.000793929427343565,-0.00601085578916062,-0.0076604157148174,0.0128811946478255,0.0436577455212314,0.0390021418207251,0.052121955935545,0.0830514934638802,0.00612265382644287,-0.00377578275903312,-0.00137517618740344,0.0378460288474527,-0.000793929427343565,0.00415535306121471,0.015094773009317,0.0401849623929001,0.0597924095045763,-0.00193251032290107,0.0720771122533645,0.0459139592656984,-0.00679224672576078,0.0570239841383759,-0.00224585780683437,0.0471673040149473,0.0818002376262834,-0.00061497061089046,-0.00311642130717928,-0.000793929427343565,0.0804900437057948,-0.00162716596563074,0.0176733057406238,0.0411868264902463,0.0147719757273495,0.0608292091469692,-0.0121548520236516,0.014492893345139
"commercial_item_test_program",NA,NA,NA,NA,NA,NA,NA,NA,NA,NA,NA,NA,NA,NA,NA,NA,NA,NA,NA,NA,NA,NA,NA,NA,NA,NA,NA,NA,NA,NA,NA,NA,NA,NA,NA,NA,NA,NA,NA,NA,NA,NA,NA,NA,NA,NA,NA,NA,NA,NA,NA,NA,NA,NA,NA,NA,NA,NA,NA,NA,NA,NA,NA,NA,NA,NA,NA,NA,NA,NA,NA,NA,NA,NA,NA,NA,NA,NA,NA,NA,NA,NA,NA,NA,NA,NA,NA,NA,NA,NA,NA,NA
"a76_fair_act_action",NA,NA,NA,NA,NA,NA,NA,NA,NA,NA,NA,NA,NA,NA,NA,NA,NA,NA,NA,NA,NA,NA,NA,NA,NA,NA,NA,NA,NA,NA,NA,NA,NA,NA,NA,NA,NA,NA,NA,NA,NA,NA,NA,NA,NA,NA,NA,NA,NA,NA,NA,NA,NA,NA,NA,NA,NA,NA,NA,NA,NA,NA,NA,NA,NA,NA,NA,NA,NA,NA,NA,NA,NA,NA,NA,NA,NA,NA,NA,NA,NA,NA,NA,NA,NA,NA,NA,NA,NA,NA,NA,NA
"local_area_set_aside",NA,NA,NA,NA,NA,NA,NA,NA,NA,NA,NA,NA,NA,NA,NA,NA,NA,NA,NA,NA,NA,NA,NA,NA,NA,NA,NA,NA,NA,NA,NA,NA,NA,NA,NA,NA,NA,NA,NA,NA,NA,NA,NA,NA,NA,NA,NA,NA,NA,NA,NA,NA,NA,NA,NA,NA,NA,NA,NA,NA,NA,NA,NA,NA,NA,NA,NA,NA,NA,NA,NA,NA,NA,NA,NA,NA,NA,NA,NA,NA,NA,NA,NA,NA,NA,NA,NA,NA,NA,NA,NA,NA
"clinger_cohen_act_planning",NA,NA,NA,NA,NA,NA,NA,NA,NA,NA,NA,NA,NA,NA,NA,NA,NA,NA,NA,NA,NA,NA,NA,NA,NA,NA,NA,NA,NA,NA,NA,NA,NA,NA,NA,NA,NA,NA,NA,NA,NA,NA,NA,NA,NA,NA,NA,NA,NA,NA,NA,NA,NA,NA,NA,NA,NA,NA,NA,NA,NA,NA,NA,NA,NA,NA,NA,NA,NA,NA,NA,NA,NA,NA,NA,NA,NA,NA,NA,NA,NA,NA,NA,NA,NA,NA,NA,NA,NA,NA,NA,NA
"gfe_gfp_code",NA,NA,NA,NA,NA,NA,NA,NA,NA,NA,NA,NA,NA,NA,NA,NA,NA,NA,NA,NA,NA,NA,NA,NA,NA,NA,NA,NA,NA,NA,NA,NA,NA,NA,NA,NA,NA,NA,NA,NA,NA,NA,NA,NA,NA,NA,NA,NA,NA,NA,NA,NA,NA,NA,NA,NA,NA,NA,NA,NA,NA,NA,NA,NA,NA,NA,NA,NA,NA,NA,NA,NA,NA,NA,NA,NA,NA,NA,NA,NA,NA,NA,NA,NA,NA,NA,NA,NA,NA,NA,NA,NA
"undefinitized_action",NA,NA,NA,NA,NA,NA,NA,NA,NA,NA,NA,NA,NA,NA,NA,NA,NA,NA,NA,NA,NA,NA,NA,NA,NA,NA,NA,NA,NA,NA,NA,NA,NA,NA,NA,NA,NA,NA,NA,NA,NA,NA,NA,NA,NA,NA,NA,NA,NA,NA,NA,NA,NA,NA,NA,NA,NA,NA,NA,NA,NA,NA,NA,NA,NA,NA,NA,NA,NA,NA,NA,NA,NA,NA,NA,NA,NA,NA,NA,NA,NA,NA,NA,NA,NA,NA,NA,NA,NA,NA,NA,NA
"multi_year_contract_code",-0.0171040173886629,NA,NA,NA,NA,NA,NA,1,NA,-0.0184025387045108,NA,0.0184854817066228,-0.0167294274236176,-0.00116748007126862,-0.00188403604774936,-0.00206984713394144,0.0515874456044821,0.0931183550118226,0.166647880739407,0.227317412627813,0.398367916455498,0.0697384951143768,0.0597975542280321,0.246179914772019,0.0759577729622661,0.107173451153489,0.0306059390035477,0.167850736706253,-0.0128736030176799,0.206053262779627,-0.0266397893975769,-0.00834489380071917,0.26437149560791,-0.00884159056709524,-0.0222895304758783,-0.00519479264499713,0.000334028473030848,-0.0109891792906424,-0.00546147334704794,-0.00763272588845567,NA,-0.00347420085599441,-0.00526272783508955,-0.00188403604774936,NA,NA,0.286843852708373,-0.013828329905996,0.142599877521405,-0.0184282369907861,-0.00546147334704794,-0.00395232585855405,-0.00312047973726826,-0.00729941481750768,-0.0032634105673461,-0.00542332205473137,-0.00145935334343144,-0.0166502512362474,0.0721930735241688,-0.0100472758920733,-0.00601852350225162,-0.000663243605889736,0.140085196760732,0.44478701677905,-0.0040411736232165,-0.00412811132699663,-0.00279456152989198,0.0119580648156945,-0.00168512458057429,-0.00461550831474023,-0.00250372076136636,0.231326611174269,0.009175305000969,-0.0205614231834423,0.310085250484561,-0.0176965102468347,-0.0103612546747158,-0.00944028886912395,-0.00337045292264822,0.0167284242573625,0.0198562147962696,NA,-0.00700114096702626,-0.000842549556636922,-0.00188403604774936,0.0431180224793927,0.214518144765143,0.109643999449786,0.0797749054926092,0.115484072562307,0.38269641856907,0.0418745270253731
"multi_year_contract",NA,NA,NA,NA,NA,NA,NA,NA,NA,NA,NA,NA,NA,NA,NA,NA,NA,NA,NA,NA,NA,NA,NA,NA,NA,NA,NA,NA,NA,NA,NA,NA,NA,NA,NA,NA,NA,NA,NA,NA,NA,NA,NA,NA,NA,NA,NA,NA,NA,NA,NA,NA,NA,NA,NA,NA,NA,NA,NA,NA,NA,NA,NA,NA,NA,NA,NA,NA,NA,NA,NA,NA,NA,NA,NA,NA,NA,NA,NA,NA,NA,NA,NA,NA,NA,NA,NA,NA,NA,NA,NA,NA
"purchase_card_as_payment_method_code",-0.0704069289078018,NA,NA,NA,NA,NA,NA,-0.0184025387045108,NA,1,NA,-0.0304657161794479,-0.0345693804930513,-0.0158337786403433,-0.00765649003011288,-0.0248592127526055,-0.0186971121030783,-0.010958081172584,0.000327195302964851,-0.0122022936726428,0.00631325023599911,-0.00760697812364755,-0.00478116611235029,-0.119018229002984,-0.0327621334775221,-0.0491658927824562,-0.0633607570552214,-0.0568303537301555,-0.0630111028196121,-0.0021070466982587,-0.0770100443573754,-0.0149976188924558,-0.00239543446978569,-0.0120193087279343,-0.0394380372492214,-0.00643013733103367,-0.021613136445911,-0.0214537486110861,-0.0178717265860809,-0.0240973634773733,0.0159730850317125,-0.00123675064248126,-0.0161945855408366,-0.00924911107911717,-0.00364985800666687,-0.00610758468790984,-0.111216844312098,-0.0573843042189237,-0.0276315940072893,-0.0553888171139143,-0.0142335188176214,-0.00741847264436349,-0.0171144335115756,-0.0114847550255233,-0.00832360583114101,-0.00435729087989751,-0.00088534716518299,-0.0358072393967789,-0.0233775712458613,-0.0126103597690162,-0.00980730119143482,-0.125487489701504,-0.00482089205846688,0.00341520551040757,-0.0117724929455255,0.00881589592047685,-0.00312967355442571,-0.0054683574671488,-0.00364985800666687,-0.0141395146455716,-0.013622256598506,-0.033137422268262,-0.0518620593470149,-0.0424604679677213,-0.0831463267582693,-0.0581715856573075,-0.0217857742408278,0.0162509940398331,-0.00103664475694635,0.000229605302338575,-0.00560282703386663,-0.00282714686147773,-0.00596507419696745,-0.00364985800666687,-0.00908895059137705,-0.0040112619891134,-0.0140232080556443,-0.0837698039614469,-0.0844297087641335,-0.113105687148623,0.0153311249910819,-0.00128497789111785
"purchase_card_as_payment_method",NA,NA,NA,NA,NA,NA,NA,NA,NA,NA,NA,NA,NA,NA,NA,NA,NA,NA,NA,NA,NA,NA,NA,NA,NA,NA,NA,NA,NA,NA,NA,NA,NA,NA,NA,NA,NA,NA,NA,NA,NA,NA,NA,NA,NA,NA,NA,NA,NA,NA,NA,NA,NA,NA,NA,NA,NA,NA,NA,NA,NA,NA,NA,NA,NA,NA,NA,NA,NA,NA,NA,NA,NA,NA,NA,NA,NA,NA,NA,NA,NA,NA,NA,NA,NA,NA,NA,NA,NA,NA,NA,NA
"alaskan_native_owned_corporation_or_firm",-0.00429367729141634,NA,NA,NA,NA,NA,NA,0.0184854817066228,NA,-0.0304657161794479,NA,1,0.0405091380167262,0.066530298827128,-0.000808061688820997,0.147143441128204,-0.0191868764531615,-0.0129993013817514,-0.0239101562209182,-0.00727464164017376,-0.00964257610810989,-0.0015508389510279,-0.00128937615466899,0.127033108337923,-0.0103717415101692,-0.013170105302872,-0.01075377762243,-0.0166493825481819,0.418305293509694,0.0290807800869053,0.0118892590492556,-0.00241955979164863,-0.00684861010096365,-0.00236356893254325,-0.00575160503708385,-0.00184004116679913,-0.00361913807465489,-0.00409930530617551,-0.00244403517094297,-0.00343722183128429,-0.00160728567836373,-0.00236356893254325,-0.00210388632281568,-0.00121831998158747,-0.000385205040357178,-0.000644591918450325,0.0366913372656982,-0.0084650913469499,0.00868286728363713,-0.00772291402325346,-0.00154123066513516,-0.00152183253086084,-0.00392793583369412,-0.00220061744279667,-0.000878468148902731,-0.00415728198144465,-0.000385205040357177,-0.0051027740905715,-0.022370839407581,-0.00452626107024106,-0.00168842958239742,0.00381862108279023,-0.000659375441011327,0.060382103148998,-0.00124245629834641,-0.0018957392517792,-0.000667218393466701,-0.000730908916370708,-0.000385205040357178,-0.0014922636668989,-0.00164384292543184,-0.0211977055220496,0.161202635673868,-0.00563782123739929,0.0622429143261403,-0.0089749211944686,-0.00338473067038097,-0.00709259362578707,-0.00115577929193527,-0.00217341738026436,-0.00127780747045466,-0.000298376422273093,-0.00158869242764348,-0.000385205040357178,-0.000959241378278352,-0.000843998902489918,0.0228588594671131,0.120018855407933,0.0344233881504394,0.163048889379449,-0.0113716560965698,-0.00107594903531408
"american_indian_owned_business",0.0119392436858024,NA,NA,NA,NA,NA,NA,-0.0167294274236176,NA,-0.0345693804930513,NA,0.0405091380167262,1,0.405439793579466,-0.00111168567257947,0.320925994732083,0.0178608720814536,0.0137637254651832,0.00689895929562491,0.000855559596685849,0.00879669478100092,-0.0021335567150218,-0.00177385095413013,0.172811597912241,-0.0142688566925824,-0.0164729452127024,-0.0128056774908028,-0.0229052809855568,0.605741288481768,-0.0107852099519824,0.078965958675245,0.000977865454471741,0.0328290164094579,-0.00325166476125852,0.00576315288686157,-0.00253142480380621,-0.00497900593524109,-0.00563959291654258,-0.00336236567134107,-0.0047287358331408,-0.00221121293720304,-0.00325166476125852,-0.00289440808067836,-0.00167609588090261,-0.000529943357412818,-0.000886793187098468,-0.00400485337681408,-0.00289375544266565,0.0101951812321071,0.0153924618361041,-0.00212033817748589,-0.00209365131898751,-0.0054038324666776,-0.00302748529701357,-0.00120854690732517,-0.00571935395475554,-0.000529943357412819,-0.00702010864439668,-0.023853405487577,-0.00622697456364108,-0.00232284614142417,0.0380733762029031,0.0121078949347586,0.0245710366375802,-0.00170930126348781,-0.00260805108608028,-0.000917921414614589,-0.00100554324197134,-0.000529943357412819,0.008411946533299,-0.00226150633479484,0.0791819205709653,0.0568469366283536,-0.00775619631630554,0.0561525573776424,-0.0123471901247762,-0.00465652145604486,-0.00975759007548072,-0.00159005592924862,-0.00299006498588046,-0.0017579354112086,-0.000410489444389435,-0.0021856333920788,-0.000529943357412819,-0.00131967015826888,-0.00116112606320912,0.0252964855970764,0.165831219535555,0.128749918824633,0.204211610993149,0.101996188242669,0.0130301454777698
"indian_tribe_federally_recognized",-0.00628864017587945,NA,NA,NA,NA,NA,NA,-0.00116748007126862,NA,-0.0158337786403433,NA,0.066530298827128,0.405439793579466,1,-0.000595631962826574,0.71571721640634,-0.00483376729130988,0.00355642542067197,-0.0166832638464645,-0.00536222560596669,-0.00710765850359527,-0.00114314199176603,-0.000950414628551212,0.0803090888644189,-0.00764513506715757,-0.00970784258269679,-0.00792673846769561,-0.0122724595711169,0.290430273625824,-0.00577862603760123,0.0520096458511766,-0.00178348654293791,0.0377241070758347,-0.00174221500912971,0.0143737709064681,-0.00135631641373986,-0.00266771008323922,-0.00302164710878108,-0.00180152763857664,-0.00253361743832375,-0.00118474955151463,-0.00174221500912972,-0.00155079984283265,-0.000898038271115877,-0.000283939255446451,0.179302617127981,-0.0192141374407693,0.0134844042847033,0.0502283867493434,0.0234938633298507,-0.00113605960899146,-0.00112176101155413,-0.00289532861518737,-0.00162210151157622,-0.000647529409017027,-0.00306438241150171,-0.000283939255446451,-0.003761315985494,-0.00850950184293684,-0.00333636132343655,-0.00124456169642836,0.0424200312552886,0.0108825628848744,0.00961389257164683,-0.000915829439692999,-0.00139737214022872,-0.000491814680528186,-0.000538761728873114,-0.000283939255446451,-0.001099965447275,-0.00121169633680089,-0.00693936211468653,0.0726663209627688,-0.00415570565484559,0.0363133344377352,-0.00661552205881073,-0.00249492557403612,-0.00522803583105478,-0.000851938778652097,-0.00160205201924258,-0.000941887212660528,-0.000219936839622974,-0.00117104424339888,-0.000283939255446451,-0.000707068325194379,-0.000622121714057535,0.00416825620715691,0.0947938546429431,0.0854316204931894,0.111996249847582,0.0537757816590357,-0.000793094939002176
"native_hawaiian_owned_business",0.0116831009132979,NA,NA,NA,NA,NA,NA,-0.00188403604774936,NA,-0.00765649003011288,NA,-0.000808061688820997,-0.00111168567257947,-0.000595631962826574,1,-0.000570789903982439,0.00670470776720372,0.0121853184613912,0.0162046825614308,0.0394972772280699,0.0448623299676205,-0.000299886994792059,-0.000249327720279363,0.0262115722839797,-0.0020055921281724,0.000357943436147923,-0.00207946676327361,-0.00321950470370138,0.0868007123383844,-0.00151594010973754,0.0178551128149712,-0.000467872253373752,-0.00132432132963856,-0.000457045255211364,-0.00111219256432702,-0.00035581026349598,-0.000699835685856621,-0.000792686015649349,-0.000472605077461069,-0.000664658393274365,-0.000310802144566553,-0.000457045255211364,-0.000406830216841748,-0.000235587530047027,-7.44874133158071e-05,-0.000124645265817701,0.0161515380538891,-0.00163690162862785,-0.00238171131956813,-0.00165712397476516,-0.000298029032700272,-0.000294277999629918,-0.00075954816076926,-0.000425535192529096,-0.000169870103546454,-0.000803897012705469,-7.4487413315807e-05,-0.000986727594190236,-0.00446064715140572,-0.000875246800513499,-0.000326493007573463,0.0123628397629563,-0.000107512608385986,-0.0042513456959002,-0.000240254789334904,-0.000366580647686599,-0.000129020565774476,-0.000141336454215218,-7.4487413315807e-05,-0.000288560244251719,-0.000317871249294585,-0.00417007691650357,0.00262538830156164,-0.00109019009803559,0.0120359631875341,-0.00173548784270658,-0.000654508134612103,-0.00137150062313616,-0.000223493985801448,-0.000420275494218344,-0.000247090674362741,-5.76972925093075e-05,-0.000307206752486535,-7.4487413315807e-05,-0.000185489288891941,-0.00016320475721076,0.0165270603447894,0.0139883270739949,0.0132015640674037,0.00678180425124038,-0.0027991651542918,0.102232442254831
"tribally_owned_business",-0.00608396471388056,NA,NA,NA,NA,NA,NA,-0.00206984713394144,NA,-0.0248592127526055,NA,0.147143441128204,0.320925994732083,0.71571721640634,-0.000570789903982439,1,-0.0135530189339901,-0.00918230636370678,-0.0184591894334282,-0.00513858293338947,-0.00681121895399082,-0.00109546489852897,-0.000910775627284803,0.0829134103678027,-0.00732627894951669,-0.0093029569960595,-0.00759613749973867,-0.0117606113462816,0.293165728211326,-0.00292967808239422,0.0829536458623519,-0.00170910256018935,-0.00186260816388966,-0.00166955234077567,0.0153570921637522,-0.00129974844179708,-0.00255644773500587,-0.00289562308729248,-0.00172639121474459,-0.00242794770026489,-0.00113533712922852,-0.00166955234077567,-0.00148612053857184,-0.000860583733804819,-0.000272096983486283,-0.000455319889966497,-0.0108841127282524,0.0254939094842959,0.0531767738378933,-0.006053350690065,-0.00108867790112763,-0.00107497565617151,-0.00277457296686677,-0.00155444842423936,-0.000620522860198235,-0.00293657602611869,-0.000272096983486283,-0.00360444254875025,-0.00841697111973357,-0.00319721149687454,-0.001192654685342,0.0393579279131293,0.00140859584882023,0.00541875706548281,-0.000877632885021758,-0.00133909185458054,-0.000471302535451029,-0.000516291560368188,-0.000272096983486283,-0.00105408912082997,-0.00116116004328638,-0.0152329809745939,0.110412710766007,-0.00398238338394751,0.0439664787766903,-0.00633960807412503,-0.00239086955993671,-0.00500998981965876,-0.000816406915703637,-0.00153523513731347,-0.000902603864852238,-0.000210763920349168,-0.00112220342923983,-0.000272096983486283,-0.000677578583143017,-0.000596174845532396,-0.00617339174661519,0.102786698624967,0.0767566708327795,0.152501906505196,0.04312701448651,-0.000760017279686881
"veteran_owned_business",0.016407878812817,NA,NA,NA,NA,NA,NA,0.0515874456044821,NA,-0.0186971121030783,NA,-0.0191868764531615,0.0178608720814536,-0.00483376729130988,0.00670470776720372,-0.0135530189339901,1,0.67724064363961,-0.0340491441773448,-0.0120827257665783,-0.0196525574473263,-0.00386325308924593,-0.00200291795520528,0.0639567137650796,-0.0379681204069666,-0.033719584018121,0.172563994333806,0.0573157796652416,-0.00696641660454814,-0.0242323319583972,0.0403733923172299,-0.00484063814574731,-0.00262044491069492,-0.0108522294356498,0.070323840542488,-0.00844847325508646,-0.0166171234545671,-0.0188217915275799,-0.011221686856127,-0.0157818625133917,-0.00737978601346249,-0.0108522294356498,-0.00965990742531624,-0.00559386603207603,-0.00176865308228041,-0.00295961725299103,0.00164939711941845,-0.0319918019995961,0.0509189788302682,0.0305936418562618,-0.000521209679929489,-0.00698743140517027,-0.0180349556506869,-0.00551025548898544,-0.000201273833475585,-0.0064869598016498,0.0113384298624164,-0.0227654605205213,0.0274038880554578,-0.019661241120088,0.0171829431894808,0.0511478920231296,0.0144933546914052,0.0568891381942221,0.00107033364486884,-0.00692721429961448,0.00198159194241914,-0.00335593819490684,0.00696940221418411,-0.0012098742543947,-0.00242549332734741,0.111374819676507,0.147327863098924,-0.0258858240785904,0.104253585259783,-0.0391055828188438,-0.015540851509387,-0.032565351600745,-0.00239361414520119,-0.00997915641270434,-0.00586700038785836,-0.00136998305744852,-0.00411457789954021,-0.00176865308228041,-0.00440431729234329,-0.00387518620978049,0.0686937094220283,0.0681468355586857,0.0522363654389992,0.0412889005134796,0.0210727671909441,-0.00494017569427534
"service_disabled_veteran_owned_business",0.0220147334140962,NA,NA,NA,NA,NA,NA,0.0931183550118226,NA,-0.010958081172584,NA,-0.0129993013817514,0.0137637254651832,0.00355642542067197,0.0121853184613912,-0.00918230636370678,0.67724064363961,1,-0.0192209026776561,-0.0060979295379645,-0.00103853875167518,-0.00482428690742356,-0.00401093904534117,0.100799762329458,-0.0240425270810149,-0.0148604974494533,0.236881510769111,0.0399369337237393,-0.00117854560589485,-0.00901552619763913,0.0472996571705658,-0.00556061105190057,-0.000963602161705133,-0.00735249436990464,0.0969867254132133,-0.00572392543031355,-0.0112582679317819,-0.0127519526801972,-0.00760280548063867,-0.0106923702603578,-0.00499987909736219,-0.00735249436990464,-0.00654468424019134,-0.00378990038413035,-0.00119828021577417,-0.00200517039551388,0.00269327231668538,-0.0260474673996434,0.0753945201642951,-0.000993375678439869,0.00445737523777299,-0.00473405491205717,-0.0122188634758822,-0.00684559148485101,0.00267582058334291,-0.00949016197427463,0.0173003375599982,-0.0154051360669,0.0527909292287546,-0.0130254579720572,-0.00525229826286452,0.0520304809783704,0.0269885650892055,0.0929085814494184,0.00187215275163357,-0.00589718877397657,-0.00207555591627366,-0.00227368181166021,-0.00119828021577417,0.000135436919942041,-0.000776132268799314,0.120549520470815,0.185998058898156,-0.017537905637431,0.128100839272797,-0.0276490745022704,-0.0105290828860411,-0.0220633525782167,-0.00359535134338669,-0.00676097863354961,-0.00397495165170861,-0.000928177272373697,-0.00494203996715679,-0.00119828021577417,-0.00298396917308529,-0.00262547755359331,0.106839074073161,0.0961650826312979,0.0743285403981844,0.077840534315177,0.00941917739050287,-0.00334701861897415
"woman_owned_business",-0.000694619432963356,NA,NA,NA,NA,NA,NA,0.166647880739407,NA,0.000327195302964851,NA,-0.0239101562209182,0.00689895929562491,-0.0166832638464645,0.0162046825614308,-0.0184591894334282,-0.0340491441773448,-0.0192209026776561,1,0.275616660167217,0.368707853408711,0.0457070115117822,0.0421645642688068,0.242334200974694,0.150205346691988,-0.010165269856355,0.054334238001686,0.202274948569093,-0.0147362122242666,0.137368376224671,0.0379165923993541,-0.00528851280951068,0.151855729965537,-0.0147807185914341,-0.0105007160166145,-0.0115068066383185,-0.0226324947364485,-0.0256352490154608,-0.0152839189887323,-0.0214948707122664,-0.0100512563779443,-0.0147807185914341,-0.0131567779800036,-0.00761883630903415,-0.00240890258080817,-0.00403099381691189,0.0744086295651271,-0.0438883412039619,-0.0085501824653508,0.0394365461214898,-0.00963817743252329,-0.00951687004860918,-0.024563579848958,-0.00294273146027836,-0.000980919832106723,-0.0164245723811649,-0.00240890258080817,-0.0178422630670774,-0.0281023686534473,0.0048397088795399,-0.0105586945975023,0.0119063219982368,0.00514856789425398,0.0643825215692273,-0.00564230221168481,-0.0118551179182803,-0.00417248982125026,-0.0045707822861002,-0.00240890258080817,-0.00756034022233233,-0.010279869292064,0.113774137933645,0.0206797818908917,-0.0347842082429898,0.0801670222472011,-0.0523741289285361,-0.0192096202410328,-0.0443539551661624,-0.00265392078157153,-0.011765920104934,-0.00799084485109549,-0.0018659146645628,-0.00660657123744115,-0.00240890258080817,-0.00599867288758765,-0.000581133377570942,0.145783679879402,0.287487750511995,0.253602002059535,0.153764834550126,0.246655757691992,0.00555388695257474
"women_owned_small_business",0.0181153721189051,NA,NA,NA,NA,NA,NA,0.227317412627813,NA,-0.0122022936726428,NA,-0.00727464164017376,0.000855559596685849,-0.00536222560596669,0.0394972772280699,-0.00513858293338947,-0.0120827257665783,-0.0060979295379645,0.275616660167217,1,0.493853928446321,0.133227204120486,0.087498986622503,0.130214908662298,0.0305612343503345,0.0110479363129839,0.0393109315075477,0.11309258353912,0.00445524991707752,0.0959640234654086,0.0108863774047793,-0.00250234270485356,0.195462111304235,-0.00411458740217662,-0.0100126047952476,-0.00320321108479435,-0.00630032817053889,-0.00713622088115551,-0.00425466597837612,-0.00598364170841885,-0.00279802180204586,-0.00411458740217662,-0.00366252240003612,-0.0021208960648615,-0.000670579048694438,-0.00112212923036973,0.0983886718882317,-0.00977265079059756,0.0310413420987653,-0.000693395437003059,-0.00268303081467135,-0.0026492618317524,-0.00683789462424749,-0.00195155236913904,-0.00152926954188693,-0.00623936777728879,-0.000670579048694439,-0.00643930059965737,0.0189943719388546,-0.00421091285098437,-0.00293928008341159,0.0817935852188532,0.165024687024192,0.13267484893673,-0.00216291344946318,-0.00330017235198184,-0.0011615182271433,-0.00127239302312265,-0.000670579048694438,-0.00259778726992376,-0.00286166199724968,0.105723914718633,0.0465123918684248,-0.00981452578756234,0.107075758062939,-0.011401507009545,-0.00589226317217026,-0.0123470468661221,-0.00201202294073835,-0.00378356461255602,-0.00222445406518462,-0.000519424608814085,-0.00276565398990988,-0.000670579048694438,-0.00166988253922585,0.00342609303791386,0.0534240866091259,0.0550582603673096,0.105144574156405,0.0635906026110441,0.169894606358675,0.00580782602004541
"economically_disadvantaged_women_owned_small_business",0.0060493318690643,NA,NA,NA,NA,NA,NA,0.398367916455498,NA,0.00631325023599911,NA,-0.00964257610810989,0.00879669478100092,-0.00710765850359527,0.0448623299676205,-0.00681121895399082,-0.0196525574473263,-0.00103853875167518,0.368707853408711,0.493853928446321,1,0.0796418264656905,0.0751346083400684,0.25040304085814,0.0320716765348482,0.0213587866887815,0.0698895784938081,0.190073841174548,0.00659124150925031,0.276726144002865,0.00265040866292979,-0.00558310568913589,0.353028464722233,-0.00545390744196307,-0.0132717608033672,-0.00424587329565459,-0.00835111843241788,-0.00945909865728884,-0.00563958233825763,-0.00793134884589466,-0.00370879275061218,-0.00545390744196307,-0.00485469288204854,-0.00281125899176654,-0.000888856088502194,-0.00148738825115741,0.162190301304846,-0.0195330984674729,0.0144602362755293,0.00338653450252006,-0.00355637158647097,-0.00351161062036493,-0.00906366562023075,-0.000784093966291372,0.00513679977103804,-0.00959287915184384,-0.000888856088502193,-0.0105338419936699,0.0606986516536949,-0.00765041916387153,-0.00389603135236649,-0.0127240655524049,0.0698531157059219,0.207430436535515,-0.00286695325808586,-0.0043743959699855,-0.00153959857545898,-0.00168656370605701,-0.000888856088502193,-0.00344338081543223,-0.00379314816715929,0.160508201095276,0.0471651306829482,-0.0130092060272699,0.143429982883364,-0.0207095248289945,-0.00781022611105657,-0.0163660761596138,-0.00266694708783883,-0.00501513497724009,-0.00294852567088442,-0.000688500076107579,-0.00366588904381642,-0.000888856088502193,-0.00221343816954046,-0.00194751751553334,0.299364311620227,0.191389831690564,0.0750986786828139,0.132471360078804,0.371250605343653,0.012141092555729
"joint_venture_women_owned_small_business",0.00207578679195414,NA,NA,NA,NA,NA,NA,0.0697384951143768,NA,-0.00760697812364755,NA,-0.0015508389510279,-0.0021335567150218,-0.00114314199176603,-0.000299886994792059,-0.00109546489852897,-0.00386325308924593,-0.00482428690742356,0.0457070115117822,0.133227204120486,0.0796418264656905,1,0.801695432059163,0.0236248929765125,-0.00384914968160769,-0.00488767547702435,0.0252840011212928,0.0306084455066123,-0.00329488825221506,-0.00290940531166214,-0.00353533718442261,-0.000897944457304851,0.0483444494879506,-0.000877165189205358,-0.00213452954602831,-0.000682874121417855,-0.001343130674255,-0.00152132982668412,-0.000907027734045372,-0.00127561811143586,-0.000596494152024561,-0.000877165189205359,-0.0007807920551881,-0.000452141616200691,-0.000142956885012102,-0.000239220267419631,0.000200251005012043,-0.00314155570025969,0.0630870602408744,-0.000906925630565309,-0.000571979885747482,-0.000564780870780462,-0.00145773137026363,-0.000816690805587084,-0.000326016165398657,-0.0015428460687669,-0.000142956885012102,-0.0018937360950214,-0.00575386079772612,-0.00167978119588784,-0.000626608191414133,0.0136039555076876,0.022832213789037,0.0244200078184439,-0.00046109906041358,-0.000703544735495251,-0.000247617380770343,-0.000271254139912191,-0.000142956885012102,-0.000553807305425695,-0.000610061238687366,-0.00208344993001386,0.0312601910870213,-0.00209230222326882,0.0230995241855858,-0.00333076321119956,-0.00125613764761209,-0.00263219580527567,-0.000428931581952701,-0.000806596347300277,-0.000474218549819627,-0.000110733140588362,-0.000589593844586346,-0.000142956885012102,-0.000355992640403242,-0.000313223975319001,0.00972052544089684,0.0157342012225706,0.013180271888761,-0.0070766883499542,-0.00537218186642355,0.106398303513179
"joint_venture_economic_disadvantaged_women_owned_small_bus",0.0029209715309972,NA,NA,NA,NA,NA,NA,0.0597975542280321,NA,-0.00478116611235029,NA,-0.00128937615466899,-0.00177385095413013,-0.000950414628551212,-0.000249327720279363,-0.000910775627284803,-0.00200291795520528,-0.00401093904534117,0.0421645642688068,0.087498986622503,0.0751346083400684,0.801695432059163,1,0.0179895064786958,-0.00320020451635367,-0.00406364065569706,-0.00331808189409862,0.0391021418027501,-0.00273938847221323,-0.00241889580516279,-0.00293929905570647,-0.000746556030655972,0.0590808923189711,-0.000729280031248553,-0.00177465977125552,-0.000567745353708799,-0.00111668633473581,-0.00126484210408378,-0.000754107917605759,-0.00106055601341399,-0.000495928565316343,-0.000729280031248553,-0.00064915487004454,-0.000375913061814876,-0.000118855151631438,-0.000198889064734911,-0.000102377031042965,-0.00261190693320832,0.0640025378685297,8.97946077120318e-05,-0.000475547267589765,-0.000469561966389128,-0.0012119659926552,-0.000679001291374225,-0.000271051658473651,-0.00128273082777184,-0.000118855151631437,-0.00157446275291072,-0.00486714190510089,-0.00139657945630241,-0.000520965545644919,0.00340464076497834,0.020524081765251,0.0295788333505206,-0.000383360330899279,-0.00058493101755616,-0.000205870471614901,-0.000225522205014396,-0.000118855151631438,-0.00046043848294118,-0.000507208316846799,-0.000721474812693602,0.0191479930985445,-0.0017395517395637,0.0192050732600912,-0.00276921511322818,-0.00104435984712632,-0.00218842227524186,-0.000356616109872463,-0.000670608702446353,-0.000394267947573709,-9.20641507692399e-05,-0.000490191611221385,-0.000118855151631438,-0.000295974267005196,-0.0002604161602849,0.00613511615640679,0.0201822126284545,0.011538116528799,-0.00588359816885372,-0.00446646197048418,0.0638837506114492
"minority_owned_business",0.0345594909843279,NA,NA,NA,NA,NA,NA,0.246179914772019,NA,-0.119018229002984,NA,0.127033108337923,0.172811597912241,0.0803090888644189,0.0262115722839797,0.0829134103678027,0.0639567137650796,0.100799762329458,0.242334200974694,0.130214908662298,0.25040304085814,0.0236248929765125,0.0179895064786958,1,0.332695062572318,0.417208732751323,0.344310148589308,0.530152682288266,0.286497647565784,0.237320812440163,0.123355868790177,0.0408310901413483,0.169117387740595,-0.0174367737371751,0.0325214807038469,-0.0135745486627465,-0.0266994928146433,-0.0287949065097757,-0.0180303978845985,-0.0253574408308424,-0.0118574399581711,-0.0174367737371751,-0.015521015390992,-0.00898792058311647,-0.00284177585796077,-0.00475535250107383,0.0766822177699263,-0.0320680029850974,-0.000600062502086021,0.0187119298137182,0.0139424923527037,-0.00734294875094411,-0.0289775886978549,0.0380558764536665,0.0163882705125706,-0.0149735179639221,0.0063603631346146,0.0278251802535862,-0.0337920271817262,-0.00453661458204403,0.00645086849138383,0.0289530717832102,0.0416220760550362,0.110516845419085,-0.00155547893553945,-0.0139854505374578,0.0145588940246955,-0.0053921394979271,-0.00284177585796077,-0.00467135963155074,-0.00637333761313405,0.206162611330538,0.0817199718613426,-0.0335676373445534,0.119491831630879,-0.0510478065054469,-0.0106188452719569,-0.0410286060395536,-0.00443611814309722,-0.0127685188502025,-0.00942677805382019,-0.00220121448206949,0.0187902990370804,-0.00284177585796077,-0.00707661817773937,-0.0062264390492328,0.259284212251783,0.565763083999425,0.510700629877775,0.492181185162214,0.292039444706366,0.0184247308976106
"subcontinent_asian_asian_indian_american_owned_business",0.00957798430979322,NA,NA,NA,NA,NA,NA,0.0759577729622661,NA,-0.0327621334775221,NA,-0.0103717415101692,-0.0142688566925824,-0.00764513506715757,-0.0020055921281724,-0.00732627894951669,-0.0379681204069666,-0.0240425270810149,0.150205346691988,0.0305612343503345,0.0320716765348482,-0.00384914968160769,-0.00320020451635367,0.332695062572318,1,-0.0250289228378578,-0.0266906500407544,-0.0413234175552674,-0.022035640279874,-0.0194575973352182,0.0323858959898407,-0.00600529654963995,-0.015698082356775,-0.00586632841413137,-0.00964661969253657,-0.00456694350282829,-0.00898262463585845,-0.0101743896125513,-0.00606604392663586,-0.00853111234324737,-0.00398924927248299,-0.00586632841413138,-0.00522180163468118,-0.00302384458819241,-0.00095607081409824,-0.00159986359384735,0.0196578525206827,-0.0199522441829449,-0.00735864733858116,-0.0191788146815478,-0.00382530211796458,-0.0037771563563971,-0.00974905418361982,-0.002791503058049,-0.00218033948232359,-0.0103182865020413,-0.00095607081409824,-0.0126649780449613,0.00226854123505328,-0.0112340848453955,-0.00419064673684812,-0.0294044570110703,0.0010736490934508,0.0269171090774505,-0.00308375041910171,-0.00470518497911125,-0.00165602202928481,-0.00181410056851346,-0.00095607081409824,-0.0037037670575088,-0.00407998359136208,0.0780521672590527,-0.00487936548943925,-0.0139929538180049,0.00246752101734028,-0.0222755657737677,-0.0084008303851212,-0.0176036683102241,-0.00286861991092804,-0.00539437625789594,-0.00317149128527916,-0.000740564008938833,-0.00394310121498002,-0.00095607081409824,-0.00238081693997806,-0.00209478753718629,0.0415397004356203,0.309954574706995,0.310743256848759,0.181040348027731,0.0256028372807409,0.00278638866185223
"asian_pacific_american_owned_business",0.00310582928972714,NA,NA,NA,NA,NA,NA,0.107173451153489,NA,-0.0491658927824562,NA,-0.013170105302872,-0.0164729452127024,-0.00970784258269679,0.000357943436147923,-0.0093029569960595,-0.033719584018121,-0.0148604974494533,-0.010165269856355,0.0110479363129839,0.0213587866887815,-0.00488767547702435,-0.00406364065569706,0.417208732751323,-0.0250289228378578,1,-0.0338919622412674,-0.0524727462734986,-0.027981000357327,-0.0247073845404313,-0.00283929658613889,0.0147138120623244,-0.0195052430212177,-0.00744910224378316,-0.00990192827372521,-0.00579913477264576,-0.0114061955973774,-0.0129195065706532,-0.00770270230966622,-0.010832862330886,-0.00506557485514786,-0.00744910224378316,-0.00663067791768929,-0.00383969766378837,-0.00121402498185389,-0.00203151727031974,-0.0223300723024527,-0.0227310907048456,-0.0214423412220412,-0.0172553778739753,-0.000286806506554579,-0.00479625788112709,-0.0123794128571165,-0.00480023336774258,-0.00276860935553172,-0.0114017309326731,-0.00121402498185389,-0.0137682340761987,-0.0479287020924982,-0.00957591771489985,-0.0053213106745201,-0.0550563005119324,-0.0158716455578583,-0.00847874267685736,-0.00391576648025069,-0.00597467470468957,-0.00210282761946705,-0.0023035567839689,-0.00121402498185389,-0.00470306766871049,-0.00518078988755591,0.0914244014475011,-0.0260769051819526,-0.0177683444097271,-0.0414260961683391,-0.0282856593209471,-0.0106674294471313,-0.0223532533215533,-0.00364259235190111,-0.00684981430458376,-0.00402718040681155,-0.000940373029127135,0.00681755662423284,0.00487846809974693,-0.00302317694435687,-0.00265997493524472,0.035757575189535,0.12120214482832,0.1243347058131,0.16063894219834,0.0034096439217201,-0.00339099666728581
"black_american_owned_business",0.0393443470721464,NA,NA,NA,NA,NA,NA,0.0306059390035477,NA,-0.0633607570552214,NA,-0.01075377762243,-0.0128056774908028,-0.00792673846769561,-0.00207946676327361,-0.00759613749973867,0.172563994333806,0.236881510769111,0.054334238001686,0.0393109315075477,0.0698895784938081,0.0252840011212928,-0.00331808189409862,0.344310148589308,-0.0266906500407544,-0.0338919622412674,1,-0.0428455378060146,-0.0228473082466707,-0.0201743048266837,0.0104640309960561,0.0254639316868727,-0.0058996826020537,-0.00608241066978557,0.1173922192509,-0.00473516379052293,-0.00931349356374454,-0.0105491564005969,-0.00628948256866746,-0.00884535011996775,-0.00413619058232995,-0.00608241066978558,-0.00541414318055895,-0.00313522586677722,-0.00099128703853904,-0.00165879349168001,0.0374793438433306,-0.0190580162454142,-0.00592664300806678,0.0186923456227235,0.0291731759171875,-0.00391628536654299,-0.010108154027641,0.0369129538401839,0.0300277768743852,0.0016312245826563,0.0210957488643015,-0.0125722621940634,0.0300294528446469,-0.0116478847935464,-0.00434500638663634,0.0673584828883945,0.0491118360124464,0.0620385347768448,0.00365270409496576,-0.00487849729846716,-0.00171702048525923,-0.00188092174100077,-0.00099128703853904,0.0018640733449592,0.000948595751581407,0.0856745804573963,0.133665409748807,-0.0145083748464246,0.0984508186493914,-0.0195532732562344,-0.00871026931367019,-0.0182520875748357,-0.00297428359308308,-0.0016741987464567,-0.00328831103049833,-0.000767842185374088,0.0137730420462278,-0.00099128703853904,-0.00246851272827572,-0.00217194762509769,0.210285721194951,0.23277145832355,0.231283293373409,0.240952187569564,0.0874226310670188,0.0209592989027875
"hispanic_american_owned_business",0.0224570289549244,NA,NA,NA,NA,NA,NA,0.167850736706253,NA,-0.0568303537301555,NA,-0.0166493825481819,-0.0229052809855568,-0.0122724595711169,-0.00321950470370138,-0.0117606113462816,0.0573157796652416,0.0399369337237393,0.202274948569093,0.11309258353912,0.190073841174548,0.0306084455066123,0.0391021418027501,0.530152682288266,-0.0413234175552674,-0.0524727462734986,-0.0428455378060146,1,-0.0353730185383073,-0.0312345791866197,0.127162499043019,0.040703672538496,0.301615621203951,-0.00941700541074791,-0.00759471881631676,-0.00733114968011591,-0.0144194833338736,-0.0140050431280415,-0.00973760151943738,-0.013694686936131,-0.00640379796898176,-0.00941700541074791,-0.00838236981911728,-0.00485406865044822,-0.00153474599337692,-0.00256820332176203,0.0870679409641962,-0.0106611186154623,0.0251264179468041,0.0464247625214157,0.00619818782319467,-0.00606333286076331,-0.0156498050425661,0.0465713765752742,0.00515579917601047,-0.00279153323375659,-0.00153474599337692,0.00965238742123322,-0.070822916680873,0.0190994165435173,0.0236867288303524,0.0535790621892533,0.0467487982399511,0.0970750646405733,-0.00188965637314019,-0.00755306373576448,0.0144348537089774,-0.00291211020988528,-0.00153474599337692,-0.00339687585469927,-0.00423555122890025,0.12122617022504,0.0153504034210766,-0.0112528514276335,0.120532300929473,-0.0282033609081524,-0.00785489503706191,-0.0282585337921177,0.00197498704542745,-0.00603298599533305,-0.00509108056781645,-0.00118880069216425,0.0164144485259933,-0.00153474599337692,-0.00382183956011837,-0.00336268687660432,0.210961943686173,0.300748143016333,0.228093698882226,0.219593560190335,0.268277153282517,0.008081773482055
